0.000000000000000000e+00
1.000000000000000056e-01
2.000000000000000111e-01
2.999999999999999889e-01
4.000000000000000222e-01
5.000000000000000000e-01
5.999999999999999778e-01
6.999999999999999556e-01
8.000000000000000444e-01
9.000000000000000222e-01
1.000000000000000000e+00
1.100000000000000089e+00
1.199999999999999956e+00
1.300000000000000044e+00
1.399999999999999911e+00
1.500000000000000000e+00
1.600000000000000089e+00
1.699999999999999956e+00
1.800000000000000044e+00
1.899999999999999911e+00
2.000000000000000000e+00
2.100000000000000089e+00
2.200000000000000178e+00
2.299999999999999822e+00
2.399999999999999911e+00
2.500000000000000000e+00
2.600000000000000089e+00
2.700000000000000178e+00
2.799999999999999822e+00
2.899999999999999911e+00
3.000000000000000000e+00
3.100000000000000089e+00
3.200000000000000178e+00
3.299999999999999822e+00
3.399999999999999911e+00
3.500000000000000000e+00
3.600000000000000089e+00
3.700000000000000178e+00
3.799999999999999822e+00
3.899999999999999911e+00
4.000000000000000000e+00
4.099999999999999645e+00
4.200000000000000178e+00
4.299999999999999822e+00
4.400000000000000355e+00
4.500000000000000000e+00
4.599999999999999645e+00
4.700000000000000178e+00
4.799999999999999822e+00
4.900000000000000355e+00
5.000000000000000000e+00
5.099999999999999645e+00
5.200000000000000178e+00
5.299999999999999822e+00
5.400000000000000355e+00
5.500000000000000000e+00
5.599999000000000393e+00
5.700000000000000178e+00
5.799999999999999822e+00
5.900000000000000355e+00
6.000000000000000000e+00
6.099999000000000393e+00
6.200000000000000178e+00
6.299999999999999822e+00
6.400000000000000355e+00
6.500000000000000000e+00
6.599999000000000393e+00
6.700000000000000178e+00
6.799999999999999822e+00
6.900000000000000355e+00
7.000000000000000000e+00
7.099999000000000393e+00
7.200000000000000178e+00
7.299999999999999822e+00
7.400000000000000355e+00
7.500000000000000000e+00
7.599999000000000393e+00
7.699999000000000038e+00
7.799999999999999822e+00
7.900000000000000355e+00
8.000000000000000000e+00
8.099999000000000393e+00
8.199999999999999289e+00
8.299998999999999683e+00
8.400000000000000355e+00
8.499999000000000748e+00
8.599999000000000393e+00
8.699999999999999289e+00
8.799998999999999683e+00
8.900000000000000355e+00
8.999999000000000748e+00
9.099999000000000393e+00
9.199999999999999289e+00
9.299998999999999683e+00
9.400000000000000355e+00
9.499999000000000748e+00
9.599999000000000393e+00
9.699999999999999289e+00
9.799998999999999683e+00
9.900000000000000355e+00
9.999999000000000748e+00
1.009999900000000039e+01
1.019999999999999929e+01
1.029999899999999968e+01
1.040000000000000036e+01
1.049999900000000075e+01
1.059999900000000039e+01
1.069999999999999929e+01
1.079999899999999968e+01
1.090000000000000036e+01
1.099999900000000075e+01
1.109999900000000039e+01
1.119999900000000004e+01
1.129999899999999968e+01
1.140000000000000036e+01
1.149999900000000075e+01
1.159999900000000039e+01
1.169999900000000004e+01
1.179999899999999968e+01
1.190000000000000036e+01
1.199999900000000075e+01
1.209999900000000039e+01
1.219999900000000004e+01
1.229999899999999968e+01
1.240000000000000036e+01
1.249999900000000075e+01
1.259999900000000039e+01
1.269999900000000004e+01
1.279999899999999968e+01
1.290000000000000036e+01
1.299999900000000075e+01
1.309999900000000039e+01
1.319999900000000004e+01
1.329999899999999968e+01
1.340000000000000036e+01
1.349999900000000075e+01
1.359999900000000039e+01
1.369999900000000004e+01
1.379999899999999968e+01
1.390000000000000036e+01
1.399999900000000075e+01
1.409999900000000039e+01
1.419999900000000004e+01
1.429999899999999968e+01
1.440000000000000036e+01
1.449999900000000075e+01
1.459999900000000039e+01
1.469999900000000004e+01
1.479999899999999968e+01
1.489999899999999933e+01
1.499999900000000075e+01
1.509999900000000039e+01
1.519999900000000004e+01
1.529999899999999968e+01
1.539999899999999933e+01
1.549999900000000075e+01
1.559999900000000039e+01
1.569999900000000004e+01
1.579999899999999968e+01
1.589999899999999933e+01
1.599999900000000075e+01
1.609999799999999937e+01
1.619999899999999826e+01
1.629999899999999968e+01
1.639999999999999858e+01
1.649999800000000150e+01
1.659999799999999937e+01
1.669999899999999826e+01
1.679999899999999968e+01
1.689999999999999858e+01
1.699999800000000150e+01
1.709999799999999937e+01
1.719999899999999826e+01
1.729999899999999968e+01
1.739999999999999858e+01
1.749999800000000150e+01
1.759999799999999937e+01
1.769999899999999826e+01
1.779999899999999968e+01
1.789999999999999858e+01
1.799999800000000150e+01
1.809999799999999937e+01
1.819999899999999826e+01
1.829999899999999968e+01
1.839999999999999858e+01
1.849999800000000150e+01
1.859999799999999937e+01
1.869999899999999826e+01
1.879999899999999968e+01
1.889999999999999858e+01
1.899999800000000150e+01
1.909999799999999937e+01
1.919999899999999826e+01
1.929999899999999968e+01
1.939999999999999858e+01
1.949999800000000150e+01
1.959999799999999937e+01
1.969999899999999826e+01
1.979999899999999968e+01
1.989999999999999858e+01
1.999999800000000150e+01
2.009999799999999937e+01
2.019999899999999826e+01
2.029999899999999968e+01
2.039999999999999858e+01
2.049999800000000150e+01
2.059999799999999937e+01
2.069999899999999826e+01
2.079999899999999968e+01
2.089999999999999858e+01
2.099999800000000150e+01
2.109999799999999937e+01
2.119999899999999826e+01
2.129999899999999968e+01
2.139999999999999858e+01
2.149999800000000150e+01
2.159999799999999937e+01
2.169999899999999826e+01
2.179999899999999968e+01
2.189999999999999858e+01
2.199999800000000150e+01
2.209999799999999937e+01
2.219999899999999826e+01
2.229999899999999968e+01
2.239999800000000008e+01
2.249999800000000150e+01
2.259999799999999937e+01
2.269999899999999826e+01
2.279999899999999968e+01
2.289999800000000008e+01
2.299999800000000150e+01
2.309999799999999937e+01
2.319999899999999826e+01
2.329999899999999968e+01
2.339999800000000008e+01
2.349999800000000150e+01
2.359999799999999937e+01
2.369999899999999826e+01
2.379999899999999968e+01
2.389999800000000008e+01
2.399999800000000150e+01
2.409999799999999937e+01
2.419999899999999826e+01
2.429999899999999968e+01
2.439999800000000008e+01
2.449999800000000150e+01
2.459999799999999937e+01
2.469999899999999826e+01
2.479999899999999968e+01
2.489999800000000008e+01
2.499999800000000150e+01
2.509999799999999937e+01
2.519999899999999826e+01
2.529999899999999968e+01
2.539999800000000008e+01
2.549999800000000150e+01
2.559999799999999937e+01
2.569999899999999826e+01
2.579999899999999968e+01
2.589999800000000008e+01
2.599999800000000150e+01
2.609999799999999937e+01
2.619999899999999826e+01
2.629999899999999968e+01
2.639999800000000008e+01
2.649999800000000150e+01
2.659999799999999937e+01
2.669999899999999826e+01
2.679999899999999968e+01
2.689999800000000008e+01
2.699999800000000150e+01
2.709999799999999937e+01
2.719999899999999826e+01
2.729999899999999968e+01
2.739999800000000008e+01
2.749999800000000150e+01
2.759999799999999937e+01
2.769999899999999826e+01
2.779999899999999968e+01
2.789999800000000008e+01
2.799999800000000150e+01
2.809999799999999937e+01
2.819999899999999826e+01
2.829999899999999968e+01
2.839999800000000008e+01
2.849999800000000150e+01
2.859999799999999937e+01
2.869999899999999826e+01
2.879999899999999968e+01
2.889999800000000008e+01
2.899999800000000150e+01
2.909999799999999937e+01
2.919999899999999826e+01
2.929999700000000118e+01
2.939999800000000008e+01
2.949999800000000150e+01
2.959999799999999937e+01
2.969999899999999826e+01
2.979999700000000118e+01
2.989999800000000008e+01
2.999999800000000150e+01
3.009999799999999937e+01
3.019999899999999826e+01
3.029999700000000118e+01
3.039999800000000008e+01
3.049999800000000150e+01
3.059999799999999937e+01
3.069999899999999826e+01
3.079999700000000118e+01
3.089999800000000008e+01
3.099999800000000150e+01
3.109999799999999937e+01
3.119999899999999826e+01
3.129999700000000118e+01
3.139999800000000008e+01
3.149999800000000150e+01
3.159999799999999937e+01
3.169999899999999826e+01
3.179999700000000118e+01
3.189999800000000008e+01
3.199999800000000150e+01
3.209999799999999937e+01
3.219999700000000331e+01
3.229999899999999968e+01
3.239999799999999652e+01
3.249999600000000299e+01
3.259999799999999937e+01
3.269999700000000331e+01
3.279999899999999968e+01
3.289999799999999652e+01
3.299999600000000299e+01
3.309999799999999937e+01
3.319999700000000331e+01
3.329999899999999968e+01
3.339999799999999652e+01
3.349999600000000299e+01
3.359999799999999937e+01
3.369999700000000331e+01
3.379999899999999968e+01
3.389999799999999652e+01
3.399999600000000299e+01
3.409999799999999937e+01
3.419999700000000331e+01
3.429999899999999968e+01
3.439999799999999652e+01
3.449999600000000299e+01
3.459999799999999937e+01
3.469999700000000331e+01
3.479999899999999968e+01
3.489999799999999652e+01
3.499999600000000299e+01
3.509999799999999937e+01
3.519999700000000331e+01
3.529999899999999968e+01
3.539999799999999652e+01
3.549999600000000299e+01
3.559999799999999937e+01
3.569999700000000331e+01
3.579999899999999968e+01
3.589999799999999652e+01
3.599999600000000299e+01
3.609999799999999937e+01
3.619999700000000331e+01
3.629999899999999968e+01
3.639999799999999652e+01
3.649999600000000299e+01
3.659999799999999937e+01
3.669999700000000331e+01
3.679999899999999968e+01
3.689999799999999652e+01
3.699999600000000299e+01
3.709999799999999937e+01
3.719999700000000331e+01
3.729999899999999968e+01
3.739999799999999652e+01
3.749999600000000299e+01
3.759999799999999937e+01
3.769999700000000331e+01
3.779999899999999968e+01
3.789999799999999652e+01
3.799999600000000299e+01
3.809999799999999937e+01
3.819999700000000331e+01
3.829999899999999968e+01
3.839999799999999652e+01
3.849999600000000299e+01
3.859999799999999937e+01
3.869999700000000331e+01
3.879999899999999968e+01
3.889999799999999652e+01
3.899999600000000299e+01
3.909999799999999937e+01
3.919999700000000331e+01
3.929999899999999968e+01
3.939999799999999652e+01
3.949999600000000299e+01
3.959999799999999937e+01
3.969999700000000331e+01
3.979999899999999968e+01
3.989999799999999652e+01
3.999999600000000299e+01
4.009999799999999937e+01
4.019999700000000331e+01
4.029999899999999968e+01
4.039999799999999652e+01
4.049999600000000299e+01
4.059999799999999937e+01
4.069999700000000331e+01
4.079999899999999968e+01
4.089999799999999652e+01
4.099999600000000299e+01
4.109999799999999937e+01
4.119999700000000331e+01
4.129999899999999968e+01
4.139999799999999652e+01
4.149999600000000299e+01
4.159999799999999937e+01
4.169999700000000331e+01
4.179999899999999968e+01
4.189999799999999652e+01
4.199999600000000299e+01
4.209999799999999937e+01
4.219999700000000331e+01
4.229999899999999968e+01
4.239999799999999652e+01
4.249999600000000299e+01
4.259999799999999937e+01
4.269999700000000331e+01
4.279999899999999968e+01
4.289999799999999652e+01
4.299999600000000299e+01
4.309999799999999937e+01
4.319999700000000331e+01
4.329999899999999968e+01
4.339999799999999652e+01
4.349999600000000299e+01
4.359999799999999937e+01
4.369999700000000331e+01
4.379999899999999968e+01
4.389999799999999652e+01
4.399999600000000299e+01
4.409999799999999937e+01
4.419999700000000331e+01
4.429999899999999968e+01
4.439999799999999652e+01
4.449999600000000299e+01
4.459999799999999937e+01
4.469999700000000331e+01
4.479999500000000268e+01
4.489999799999999652e+01
4.499999600000000299e+01
4.509999799999999937e+01
4.519999700000000331e+01
4.529999500000000268e+01
4.539999799999999652e+01
4.549999600000000299e+01
4.559999799999999937e+01
4.569999700000000331e+01
4.579999500000000268e+01
4.589999799999999652e+01
4.599999600000000299e+01
4.609999799999999937e+01
4.619999700000000331e+01
4.629999500000000268e+01
4.639999799999999652e+01
4.649999600000000299e+01
4.659999799999999937e+01
4.669999700000000331e+01
4.679999500000000268e+01
4.689999799999999652e+01
4.699999600000000299e+01
4.709999799999999937e+01
4.719999700000000331e+01
4.729999500000000268e+01
4.739999799999999652e+01
4.749999600000000299e+01
4.759999799999999937e+01
4.769999700000000331e+01
4.779999500000000268e+01
4.789999799999999652e+01
4.799999600000000299e+01
4.809999799999999937e+01
4.819999700000000331e+01
4.829999500000000268e+01
4.839999799999999652e+01
4.849999600000000299e+01
4.859999799999999937e+01
4.869999700000000331e+01
4.879999500000000268e+01
4.889999799999999652e+01
4.899999600000000299e+01
4.909999799999999937e+01
4.919999700000000331e+01
4.929999500000000268e+01
4.939999799999999652e+01
4.949999600000000299e+01
4.959999799999999937e+01
4.969999700000000331e+01
4.979999500000000268e+01
4.989999799999999652e+01
4.999999600000000299e+01
